p r dBi
90.00000 56.91511 16.91511
89.00000 56.88895 16.88895
88.00000 56.81294 16.81294
87.00000 56.68703 16.68703
86.00000 56.51115 16.51115
85.00000 56.28523 16.28523
84.00000 56.00928 16.00928
83.00000 55.68342 15.68342
82.00000 55.30803 15.30803
81.00000 54.88402 14.88402
80.00000 54.41250 14.41250
79.00000 53.89592 13.89592
78.00000 53.33795 13.33795
77.00000 52.74411 12.74411
76.00000 52.12250 12.12250
75.00000 51.48448 11.48448
74.00000 50.84539 10.84539
73.00000 50.22461 10.22461
72.00000 49.64496 9.64496
71.00000 49.13038 9.13038
70.00000 48.70210 8.70210
69.00000 48.37405 8.37405
68.00000 48.14924 8.14924
67.00000 48.01897 8.01897
66.00000 47.96523 7.96523
65.00000 47.96488 7.96488
64.00000 47.99409 7.99409
63.00000 48.03196 8.03196
62.00000 48.06081 8.06081
61.00000 48.06722 8.06722
60.00000 48.04127 8.04127
59.00000 47.97580 7.97580
58.00000 47.86565 7.86565
57.00000 47.70710 7.70710
56.00000 47.49707 7.49707
55.00000 47.23327 7.23327
54.00000 46.91262 6.91262
53.00000 46.53297 6.53297
52.00000 46.09140 6.09140
51.00000 45.58458 5.58458
50.00000 45.00866 5.00866
49.00000 44.35917 4.35917
48.00000 43.63118 3.63118
47.00000 42.81945 2.81945
46.00000 41.91890 1.91890
45.00000 40.92560 0.92560
44.00000 39.83835 -0.16165
43.00000 38.66396 -1.33604
42.00000 37.42255 -2.57745
41.00000 36.16118 -3.83882
40.00000 34.97024 -5.02976
39.00000 33.99139 -6.00861
38.00000 33.38512 -6.61488
37.00000 33.24175 -6.75825
36.00000 33.51453 -6.48547
35.00000 34.06207 -5.93793
34.00000 34.74177 -5.25823
33.00000 35.45676 -4.54324
32.00000 36.15401 -3.84599
31.00000 36.80737 -3.19263
30.00000 37.40584 -2.59416
29.00000 37.94258 -2.05742
28.00000 38.41339 -1.58661
27.00000 38.81488 -1.18512
26.00000 39.14416 -0.85584
25.00000 39.39909 -0.60091
24.00000 39.57887 -0.42113
23.00000 39.68422 -0.31578
22.00000 39.71835 -0.28165
21.00000 39.68739 -0.31261
20.00000 39.60103 -0.39897
19.00000 39.47278 -0.52722
18.00000 39.31969 -0.68031
17.00000 39.16134 -0.83866
16.00000 39.01733 -0.98267
15.00000 38.90395 -1.09605
14.00000 38.82998 -1.17002
13.00000 38.79479 -1.20521
12.00000 38.78811 -1.21189
11.00000 38.79318 -1.20682
10.00000 38.78979 -1.21021
9.00000 38.75886 -1.24114
8.00000 38.68496 -1.31504
7.00000 38.55866 -1.44134
6.00000 38.37645 -1.62355
5.00000 38.14284 -1.85716
4.00000 37.86789 -2.13211
3.00000 37.57081 -2.42919
2.00000 37.27489 -2.72511
1.00000 37.00538 -2.99462
0.00000 36.78321 -3.21679
359.00000 36.61968 -3.38032
358.00000 36.51120 -3.48880
357.00000 36.44104 -3.55896
356.00000 36.38387 -3.61613
355.00000 36.31226 -3.68774
354.00000 36.20255 -3.79745
353.00000 36.03938 -3.96062
352.00000 35.81704 -4.18296
351.00000 35.54228 -4.45772
350.00000 35.23549 -4.76451
349.00000 34.93023 -5.06977
348.00000 34.66937 -5.33063
347.00000 34.49466 -5.50534
346.00000 34.43219 -5.56781
345.00000 34.47974 -5.52026
344.00000 34.60641 -5.39359
343.00000 34.76346 -5.23654
342.00000 34.89909 -5.10091
341.00000 34.96836 -5.03164
340.00000 34.93704 -5.06296
339.00000 34.78169 -5.21831
338.00000 34.48819 -5.51181
337.00000 34.05252 -5.94748
336.00000 33.48210 -6.51790
335.00000 32.80192 -7.19808
334.00000 32.06400 -7.93600
333.00000 31.35695 -8.64305
332.00000 30.80286 -9.19714
331.00000 30.51831 -9.48169
330.00000 30.54902 -9.45098
329.00000 30.83861 -9.16139
328.00000 31.27212 -8.72788
327.00000 31.73605 -8.26395
326.00000 32.15515 -7.84485
325.00000 32.49026 -7.50974
324.00000 32.72762 -7.27238
323.00000 32.87145 -7.12855
322.00000 32.93660 -7.06340
321.00000 32.94512 -7.05488
320.00000 32.92317 -7.07683
319.00000 32.89530 -7.10470
318.00000 32.88164 -7.11836
317.00000 32.89140 -7.10860
316.00000 32.92069 -7.07931
315.00000 32.95429 -7.04571
314.00000 32.96663 -7.03337
313.00000 32.93062 -7.06938
312.00000 32.81954 -7.18046
311.00000 32.61050 -7.38950
310.00000 32.28637 -7.71363
309.00000 31.83792 -8.16208
308.00000 31.26814 -8.73186
307.00000 30.60093 -9.39907
306.00000 29.89619 -10.10381
305.00000 29.26728 -10.73272
304.00000 28.87825 -11.12175
303.00000 28.88037 -11.11963
302.00000 29.30579 -10.69421
301.00000 30.04057 -9.95943
300.00000 30.91490 -9.08510
299.00000 31.79221 -8.20779
298.00000 32.59114 -7.40886
297.00000 33.27105 -6.72895
296.00000 33.81403 -6.18597
295.00000 34.21263 -5.78737
294.00000 34.46382 -5.53618
293.00000 34.56438 -5.43562
292.00000 34.50931 -5.49069
291.00000 34.29038 -5.70962
290.00000 33.89443 -6.10557
289.00000 33.30147 -6.69853
288.00000 32.48160 -7.51840
287.00000 31.39034 -8.60966
286.00000 29.96174 -10.03826
285.00000 28.10254 -11.89746
284.00000 25.71954 -14.28046
283.00000 22.99700 -17.00300
282.00000 21.58619 -18.41381
281.00000 23.38410 -16.61590
280.00000 26.25168 -13.74832
279.00000 28.72973 -11.27027
278.00000 30.69281 -9.30719
277.00000 32.23736 -7.76264
276.00000 33.45592 -6.54408
275.00000 34.41271 -5.58729
274.00000 35.15121 -4.84879
273.00000 35.70065 -4.29935
272.00000 36.08049 -3.91951
271.00000 36.30313 -3.69687
270.00000 36.37547 -3.62453
269.00000 36.29968 -3.70032
268.00000 36.07378 -3.92622
267.00000 35.69106 -4.30894
266.00000 35.13947 -4.86053
265.00000 34.40017 -5.59983
264.00000 33.44503 -6.55497
263.00000 32.23289 -7.76711
262.00000 30.70455 -9.29545
261.00000 28.77967 -11.22033
260.00000 26.39334 -13.60666
259.00000 23.73697 -16.26303
258.00000 22.18187 -17.81813
257.00000 23.43877 -16.56123
256.00000 25.92636 -14.07364
255.00000 28.17696 -11.82304
254.00000 29.96139 -10.03861
253.00000 31.34112 -8.65888
252.00000 32.39561 -7.60439
251.00000 33.18463 -6.81537
250.00000 33.74974 -6.25026
249.00000 34.11947 -5.88053
248.00000 34.31342 -5.68658
247.00000 34.34501 -5.65499
246.00000 34.22351 -5.77649
245.00000 33.95593 -6.04407
244.00000 33.54891 -6.45109
243.00000 33.01097 -6.98903
242.00000 32.35806 -7.64194
241.00000 31.62009 -8.37991
240.00000 30.85162 -9.14838
239.00000 30.14186 -9.85814
238.00000 29.61046 -10.38954
237.00000 29.36928 -10.63072
236.00000 29.45823 -10.54177
235.00000 29.81690 -10.18310
234.00000 30.32669 -9.67331
233.00000 30.87371 -9.12629
232.00000 31.37974 -8.62026
231.00000 31.80260 -8.19740
230.00000 32.12641 -7.87359
229.00000 32.35290 -7.64710
228.00000 32.49580 -7.50420
227.00000 32.57740 -7.42260
226.00000 32.62528 -7.37472
225.00000 32.66804 -7.33196
224.00000 32.72878 -7.27122
223.00000 32.82137 -7.17863
222.00000 32.94285 -7.05715
221.00000 33.07698 -6.92302
220.00000 33.19775 -6.80225
219.00000 33.27489 -6.72511
218.00000 33.28047 -6.71953
217.00000 33.18991 -6.81009
216.00000 32.98540 -7.01460
215.00000 32.65767 -7.34233
214.00000 32.20972 -7.79028
213.00000 31.66642 -8.33358
212.00000 31.08617 -8.91383
211.00000 30.57534 -9.42466
210.00000 30.28355 -9.71645
209.00000 30.33879 -9.66121
208.00000 30.76196 -9.23804
207.00000 31.44678 -8.55322
206.00000 32.23816 -7.76184
205.00000 33.00893 -6.99107
204.00000 33.68199 -6.31801
203.00000 34.21913 -5.78087
202.00000 34.60638 -5.39362
201.00000 34.84430 -5.15570
200.00000 34.94314 -5.05686
199.00000 34.92259 -5.07741
198.00000 34.81191 -5.18809
197.00000 34.65157 -5.34843
196.00000 34.49203 -5.50797
195.00000 34.38729 -5.61271
194.00000 34.38188 -5.61812
193.00000 34.49566 -5.50434
192.00000 34.71698 -5.28302
191.00000 35.00926 -4.99074
190.00000 35.32686 -4.67314
189.00000 35.62872 -4.37128
188.00000 35.88603 -4.11397
187.00000 36.08392 -3.91608
186.00000 36.22087 -3.77913
185.00000 36.30717 -3.69283
184.00000 36.36190 -3.63810
183.00000 36.41125 -3.58875
182.00000 36.48330 -3.51670
181.00000 36.60170 -3.39830
180.00000 36.77931 -3.22069
179.00000 37.01489 -2.98511
178.00000 37.29306 -2.70694
177.00000 37.59072 -2.40928
176.00000 37.88267 -2.11733
175.00000 38.14725 -1.85275
174.00000 38.36779 -1.63221
173.00000 38.53698 -1.46302
172.00000 38.65304 -1.34696
171.00000 38.72184 -1.27816
170.00000 38.75456 -1.24544
169.00000 38.76743 -1.23257
168.00000 38.77884 -1.22116
167.00000 38.80667 -1.19333
166.00000 38.86378 -1.13622
165.00000 38.95588 -1.04412
164.00000 39.07960 -0.92040
163.00000 39.22383 -0.77617
162.00000 39.37205 -0.62795
161.00000 39.50622 -0.49378
160.00000 39.60939 -0.39061
159.00000 39.66753 -0.33247
158.00000 39.67009 -0.32991
157.00000 39.61005 -0.38995
156.00000 39.48352 -0.51648
155.00000 39.28907 -0.71093
154.00000 39.02723 -0.97277
153.00000 38.69941 -1.30059
152.00000 38.30761 -1.69239
151.00000 37.85373 -2.14627
150.00000 37.33934 -2.66066
149.00000 36.76611 -3.23389
148.00000 36.13800 -3.86200
147.00000 35.46345 -4.53655
146.00000 34.76696 -5.23304
145.00000 34.10168 -5.89832
144.00000 33.56650 -6.43350
143.00000 33.30663 -6.69337
142.00000 33.46299 -6.53701
141.00000 34.07726 -5.92274
140.00000 35.05417 -4.94583
139.00000 36.23300 -3.76700
138.00000 37.47535 -2.52465
137.00000 38.69456 -1.30544
136.00000 39.84643 -0.15357
135.00000 40.91269 0.91269
134.00000 41.88767 1.88767
133.00000 42.77318 2.77318
132.00000 43.57338 3.57338
131.00000 44.29335 4.29335
130.00000 44.93814 4.93814
129.00000 45.51239 5.51239
128.00000 46.02019 6.02019
127.00000 46.46496 6.46496
126.00000 46.84961 6.84961
125.00000 47.17661 7.17661
124.00000 47.44769 7.44769
123.00000 47.66555 7.66555
122.00000 47.83210 7.83210
121.00000 47.95010 7.95010
120.00000 48.02299 8.02299
119.00000 48.05571 8.05571
118.00000 48.05525 8.05525
117.00000 48.03144 8.03144
116.00000 47.99772 7.99772
115.00000 47.97185 7.97185
114.00000 47.97494 7.97494
113.00000 48.03109 8.03109
112.00000 48.16368 8.16368
111.00000 48.39091 8.39091
110.00000 48.72154 8.72154
109.00000 49.15241 9.15241
108.00000 49.66938 9.66938
107.00000 50.25099 10.25099
106.00000 50.87314 10.87314
105.00000 51.51295 11.51295
104.00000 52.15102 12.15102
103.00000 52.77212 12.77212
102.00000 53.36495 13.36495
101.00000 53.92150 13.92150
100.00000 54.43634 14.43634
99.00000 54.90590 14.90590
98.00000 55.32776 15.32776
97.00000 55.70086 15.70086
96.00000 56.02435 16.02435
95.00000 56.29786 16.29786
94.00000 56.52129 16.52129
93.00000 56.69465 16.69465
92.00000 56.81803 16.81803
91.00000 56.89150 16.89150
90.00000 56.91511 16.91511
