p r dBi
90.00000 56.91511 16.91511
89.00000 56.89591 16.89591
88.00000 56.83864 16.83864
87.00000 56.74333 16.74333
86.00000 56.61002 16.61002
85.00000 56.43880 16.43880
84.00000 56.22978 16.22978
83.00000 55.98309 15.98309
82.00000 55.69895 15.69895
81.00000 55.37771 15.37771
80.00000 55.01959 15.01959
79.00000 54.62515 14.62515
78.00000 54.19502 14.19502
77.00000 53.73003 13.73003
76.00000 53.23123 13.23123
75.00000 52.69996 12.69996
74.00000 52.13795 12.13795
73.00000 51.54732 11.54732
72.00000 50.93085 10.93085
71.00000 50.29184 10.29184
70.00000 49.63430 9.63430
69.00000 48.96300 8.96300
68.00000 48.28345 8.28345
67.00000 47.60181 7.60181
66.00000 46.92469 6.92469
65.00000 46.25882 6.25882
64.00000 45.61033 5.61033
63.00000 44.98533 4.98533
62.00000 44.38759 4.38759
61.00000 43.81939 3.81939
60.00000 43.28081 3.28081
59.00000 42.76982 2.76982
58.00000 42.28245 2.28245
57.00000 41.81323 1.81323
56.00000 41.35579 1.35579
55.00000 40.90387 0.90387
54.00000 40.44928 0.44928
53.00000 39.98642 -0.01358
52.00000 39.50948 -0.49052
51.00000 39.01333 -0.98667
50.00000 38.49359 -1.50641
49.00000 37.94657 -2.05343
48.00000 37.36920 -2.63080
47.00000 36.75899 -3.24101
46.00000 36.11399 -3.88601
45.00000 35.43277 -4.56723
44.00000 34.71491 -5.28509
43.00000 33.95933 -6.04067
42.00000 33.16788 -6.83212
41.00000 32.34317 -7.65683
40.00000 31.48981 -8.51019
39.00000 30.61486 -9.38514
38.00000 29.72862 -10.27138
37.00000 28.84451 -11.15549
36.00000 27.97925 -12.02075
35.00000 27.15205 -12.84795
34.00000 26.38293 -13.61707
33.00000 25.69087 -14.30913
32.00000 25.09034 -14.90966
31.00000 24.58535 -15.41465
30.00000 24.18443 -15.81557
29.00000 23.87445 -16.12555
28.00000 23.64082 -16.35918
27.00000 23.46395 -16.53605
26.00000 23.32228 -16.67772
25.00000 23.19378 -16.80622
24.00000 23.05832 -16.94168
23.00000 22.89715 -17.10285
22.00000 22.69486 -17.30514
21.00000 22.43961 -17.56039
20.00000 22.12388 -17.87612
19.00000 21.74661 -18.25339
18.00000 21.31420 -18.68580
17.00000 20.84430 -19.15570
16.00000 20.36799 -19.63201
15.00000 19.93104 -20.06896
14.00000 19.58626 -20.41374
13.00000 19.37968 -20.62032
12.00000 19.33024 -20.66976
11.00000 19.41972 -20.58028
10.00000 19.59727 -20.40273
9.00000 19.79979 -20.20021
8.00000 19.96774 -20.03226
7.00000 20.05409 -19.94591
6.00000 20.02262 -19.97738
5.00000 19.84680 -20.15320
4.00000 19.50539 -20.49461
3.00000 18.98430 -21.01570
2.00000 18.25739 -21.74261
1.00000 17.31315 -22.68685
0.00000 16.14229 -23.85771
359.00000 14.75937 -25.24063
358.00000 13.24637 -26.75363
357.00000 11.83999 -28.16001
356.00000 10.97019 -29.02981
355.00000 10.97384 -29.02616
354.00000 11.66399 -28.33601
353.00000 12.57891 -27.42109
352.00000 13.40262 -26.59738
351.00000 14.00200 -25.99800
350.00000 14.33455 -25.66545
349.00000 14.38653 -25.61347
348.00000 14.14772 -25.85228
347.00000 13.59927 -26.40073
346.00000 12.70510 -27.29490
345.00000 11.40355 -28.59645
344.00000 9.59574 -30.40426
343.00000 7.15421 -32.84579
342.00000 4.13798 -35.86202
341.00000 2.15818 -37.84182
340.00000 3.84957 -36.15043
339.00000 6.78259 -33.21741
338.00000 9.17692 -30.82308
337.00000 10.93818 -29.06182
336.00000 12.20380 -27.79620
335.00000 13.09239 -26.90761
334.00000 13.69818 -26.30182
333.00000 14.10008 -25.89992
332.00000 14.38209 -25.61791
331.00000 14.63331 -25.36669
330.00000 14.94188 -25.05812
329.00000 15.37010 -24.62990
328.00000 15.93819 -24.06181
327.00000 16.61293 -23.38707
326.00000 17.33688 -22.66312
325.00000 18.04844 -21.95156
324.00000 18.69731 -21.30269
323.00000 19.24988 -20.75012
322.00000 19.68467 -20.31533
321.00000 19.98800 -20.01200
320.00000 20.14977 -19.85023
319.00000 20.16001 -19.83999
318.00000 20.00613 -19.99387
317.00000 19.67012 -20.32988
316.00000 19.12508 -20.87492
315.00000 18.33247 -21.66753
314.00000 17.22417 -22.77583
313.00000 15.69661 -24.30339
312.00000 13.56956 -26.43044
311.00000 10.53814 -29.46186
310.00000 6.48652 -33.51348
309.00000 5.50174 -34.49826
308.00000 9.84015 -30.15985
307.00000 13.66824 -26.33176
306.00000 16.48009 -23.51991
305.00000 18.61680 -21.38320
304.00000 20.30096 -19.69904
303.00000 21.66091 -18.33909
302.00000 22.78112 -17.21888
301.00000 23.71822 -16.28178
300.00000 24.51348 -15.48652
299.00000 25.19891 -14.80109
298.00000 25.80046 -14.19954
297.00000 26.33990 -13.66010
296.00000 26.83589 -13.16411
295.00000 27.30497 -12.69503
294.00000 27.76013 -12.23987
293.00000 28.21267 -11.78733
292.00000 28.67097 -11.32903
291.00000 29.14020 -10.85980
290.00000 29.62264 -10.37736
289.00000 30.11781 -9.88219
288.00000 30.62298 -9.37702
287.00000 31.13376 -8.86624
286.00000 31.64420 -8.35580
285.00000 32.14912 -7.85088
284.00000 32.64250 -7.35750
283.00000 33.11890 -6.88110
282.00000 33.57345 -6.42655
281.00000 34.00199 -5.99801
280.00000 34.40103 -5.59897
279.00000 34.76773 -5.23227
278.00000 35.10000 -4.90000
277.00000 35.39585 -4.60415
276.00000 35.65412 -4.34588
275.00000 35.87384 -4.12616
274.00000 36.05428 -3.94572
273.00000 36.19494 -3.80506
272.00000 36.29548 -3.70452
271.00000 36.35568 -3.64432
270.00000 36.37547 -3.62453
269.00000 36.35496 -3.64504
268.00000 36.29418 -3.70582
267.00000 36.19337 -3.80663
266.00000 36.05287 -3.94713
265.00000 35.87316 -4.12684
264.00000 35.65488 -4.34512
263.00000 35.39885 -4.60115
262.00000 35.10616 -4.89384
261.00000 34.77802 -5.22198
260.00000 34.41641 -5.58359
259.00000 34.02342 -5.97658
258.00000 33.60173 -6.39827
257.00000 33.15465 -6.84535
256.00000 32.68603 -7.31397
255.00000 32.20034 -7.79966
254.00000 31.70253 -8.29747
253.00000 31.19810 -8.80190
252.00000 30.69167 -9.30833
251.00000 30.18870 -9.81130
250.00000 29.69318 -10.30682
249.00000 29.20766 -10.79234
248.00000 28.73259 -11.26741
247.00000 28.26585 -11.73415
246.00000 27.80258 -12.19742
245.00000 27.33480 -12.66520
244.00000 26.85159 -13.14841
243.00000 26.34035 -13.65965
242.00000 25.78489 -14.21511
241.00000 25.16687 -14.83313
240.00000 24.46483 -15.53517
239.00000 23.65310 -16.34690
238.00000 22.69995 -17.30005
237.00000 21.56430 -18.43570
236.00000 20.18947 -19.81053
235.00000 18.49031 -21.50969
234.00000 16.33538 -23.66462
233.00000 13.49053 -26.50947
232.00000 9.55847 -30.44153
231.00000 4.80175 -35.19825
230.00000 5.72906 -34.27094
229.00000 10.08320 -29.91680
228.00000 13.23225 -26.76775
227.00000 15.41293 -24.58707
226.00000 16.97204 -23.02796
225.00000 18.10284 -21.89716
224.00000 18.91359 -21.08641
223.00000 19.47438 -20.52562
222.00000 19.82432 -20.17568
221.00000 19.99038 -20.00962
220.00000 19.99036 -20.00964
219.00000 19.83649 -20.16351
218.00000 19.53830 -20.46170
217.00000 19.10544 -20.89456
216.00000 18.55123 -21.44877
215.00000 17.89707 -22.10293
214.00000 17.17713 -22.82287
213.00000 16.44341 -23.55659
212.00000 15.76056 -24.23944
211.00000 15.18967 -24.81033
210.00000 14.76611 -25.23389
209.00000 14.46863 -25.53137
208.00000 14.23114 -25.76886
207.00000 13.96106 -26.03894
206.00000 13.56558 -26.43442
205.00000 12.95749 -27.04251
204.00000 12.05373 -27.94627
203.00000 10.75198 -29.24802
202.00000 8.91445 -31.08555
201.00000 6.35311 -33.64689
200.00000 3.05387 -36.94613
199.00000 1.09597 -38.90403
198.00000 3.59379 -36.40621
197.00000 6.92834 -33.07166
196.00000 9.47780 -30.52220
195.00000 11.32031 -28.67969
194.00000 12.62807 -27.37193
193.00000 13.51441 -26.48559
192.00000 14.04606 -25.95394
191.00000 14.26074 -25.73926
190.00000 14.17737 -25.82263
189.00000 13.80557 -26.19443
188.00000 13.15884 -26.84116
187.00000 12.28287 -27.71713
186.00000 11.32565 -28.67435
185.00000 10.64024 -29.35976
184.00000 10.71886 -29.28114
183.00000 11.70022 -28.29978
182.00000 13.17940 -26.82060
181.00000 14.71810 -25.28190
180.00000 16.09864 -23.90136
179.00000 17.25359 -22.74641
178.00000 18.17595 -21.82405
177.00000 18.87864 -21.12136
176.00000 19.37512 -20.62488
175.00000 19.69289 -20.30711
174.00000 19.84727 -20.15273
173.00000 19.86100 -20.13900
172.00000 19.76245 -20.23755
171.00000 19.58998 -20.41002
170.00000 19.39253 -20.60747
169.00000 19.23019 -20.76981
168.00000 19.16386 -20.83614
167.00000 19.23900 -20.76100
166.00000 19.46724 -20.53276
165.00000 19.82523 -20.17477
164.00000 20.26638 -19.73362
163.00000 20.74029 -19.25971
162.00000 21.20458 -18.79542
161.00000 21.63116 -18.36884
160.00000 22.00443 -17.99557
159.00000 22.31908 -17.68092
158.00000 22.57659 -17.42341
157.00000 22.78429 -17.21571
156.00000 22.95349 -17.04651
155.00000 23.09885 -16.90115
154.00000 23.23827 -16.76173
153.00000 23.39109 -16.60891
152.00000 23.57868 -16.42132
151.00000 23.82218 -16.17782
150.00000 24.14098 -15.85902
149.00000 24.54969 -15.45031
148.00000 25.06162 -14.93838
147.00000 25.66840 -14.33160
146.00000 26.36617 -13.63383
145.00000 27.14048 -12.85952
144.00000 27.97231 -12.02769
143.00000 28.84149 -11.15851
142.00000 29.72865 -10.27135
141.00000 30.61701 -9.38299
140.00000 31.49316 -8.50684
139.00000 32.34688 -7.65312
138.00000 33.17128 -6.82872
137.00000 33.96198 -6.03802
136.00000 34.71660 -5.28340
135.00000 35.43352 -4.56648
134.00000 36.11396 -3.88604
133.00000 36.75845 -3.24155
132.00000 37.36843 -2.63157
131.00000 37.94582 -2.05418
130.00000 38.49302 -1.50698
129.00000 39.01296 -0.98704
128.00000 39.50925 -0.49075
127.00000 39.98617 -0.01383
126.00000 40.44879 0.44879
125.00000 40.90294 0.90294
124.00000 41.35422 1.35422
123.00000 41.81093 1.81093
122.00000 42.27939 2.27939
121.00000 42.76608 2.76608
120.00000 43.27655 3.27655
119.00000 43.81483 3.81483
118.00000 44.38301 4.38301
117.00000 44.98097 4.98097
116.00000 45.60645 5.60645
115.00000 46.25559 6.25559
114.00000 46.92225 6.92225
113.00000 47.60021 7.60021
112.00000 48.28269 8.28269
111.00000 48.96303 8.96303
110.00000 49.63504 9.63504
109.00000 50.29318 10.29318
108.00000 50.93269 10.93269
107.00000 51.54954 11.54954
106.00000 52.14045 12.14045
105.00000 52.70265 12.70265
104.00000 53.23403 13.23403
103.00000 53.73288 13.73288
102.00000 54.19785 14.19785
101.00000 54.62791 14.62791
100.00000 55.02223 15.02223
99.00000 55.38021 15.38021
98.00000 55.70126 15.70126
97.00000 55.98519 15.98519
96.00000 56.23163 16.23163
95.00000 56.44039 16.44039
94.00000 56.61132 16.61132
93.00000 56.74432 16.74432
92.00000 56.83931 16.83931
91.00000 56.89625 16.89625
90.00000 56.91511 16.91511
