f s21 s11
0.510009 -59.869 -2.574
0.552509 -57.575 -2.907
0.595009 -62.751 -3.440
0.637509 -58.048 -4.094
0.680009 -55.290 -5.055
0.722509 -58.889 -6.311
0.765009 -58.161 -7.641
0.807509 -55.639 -8.984
0.850009 -58.289 -10.487
0.892509 -81.797 -12.028
0.935009 -47.376 -13.097
0.977509 -34.719 -13.648
1.020009 -23.123 -13.804
1.062509 -11.983 -13.374
1.105009 0.641 -13.165
1.147509 13.246 -15.047
1.190009 27.248 -26.402
1.232509 38.911 -19.758
1.275008 40.158 -18.107
1.317508 40.069 -19.512
1.360008 39.398 -18.189
1.402508 39.660 -16.243
1.445008 39.321 -16.853
1.487508 38.617 -17.133
1.530008 38.725 -15.889
1.572508 37.837 -16.089
1.615008 35.704 -16.580
1.657508 30.236 -14.553
1.700008 22.830 -12.341
1.742508 16.887 -10.726
1.785008 11.677 -10.215
1.827508 5.636 -11.336
1.870008 -1.611 -13.107
1.912508 -8.465 -14.455
1.955008 -14.831 -15.784
1.997508 -22.133 -16.452
2.040008 -30.007 -16.377
2.082508 -39.081 -16.002
2.125008 -57.178 -15.820
2.167507 -52.286 -15.794
2.210007 -49.288 -15.275
2.252507 -50.399 -14.469
2.295007 -52.619 -14.059
2.337507 -55.679 -14.196
2.380007 -57.423 -14.150
2.422507 -56.910 -13.493
2.465007 -55.085 -12.823
