f s11
1.00000 -0.90750
1.00100 -0.93364
1.00200 -0.96002
1.00300 -0.98662
1.00400 -1.01343
1.00500 -1.04043
1.00600 -1.06759
1.00700 -1.09491
1.00800 -1.12235
1.00900 -1.14990
1.01000 -1.17753
1.01100 -1.20522
1.01200 -1.23293
1.01300 -1.26065
1.01400 -1.28834
1.01500 -1.31598
1.01600 -1.34353
1.01700 -1.37095
1.01800 -1.39823
1.01900 -1.42532
1.02000 -1.45219
1.02100 -1.47880
1.02200 -1.50513
1.02300 -1.53113
1.02400 -1.55678
1.02500 -1.58204
1.02600 -1.60688
1.02700 -1.63127
1.02800 -1.65519
1.02900 -1.67859
1.03000 -1.70146
1.03100 -1.72377
1.03200 -1.74550
1.03300 -1.76664
1.03400 -1.78717
1.03500 -1.80707
1.03600 -1.82634
1.03700 -1.84497
1.03800 -1.86297
1.03900 -1.88032
1.04000 -1.89704
1.04100 -1.91313
1.04200 -1.92862
1.04300 -1.94350
1.04400 -1.95781
1.04500 -1.97156
1.04600 -1.98479
1.04700 -1.99751
1.04800 -2.00976
1.04900 -2.02158
1.05000 -2.03300
1.05100 -2.04406
1.05200 -2.05480
1.05300 -2.06525
1.05400 -2.07547
1.05500 -2.08549
1.05600 -2.09536
1.05700 -2.10512
1.05800 -2.11482
1.05900 -2.12450
1.06000 -2.13420
1.06100 -2.14397
1.06200 -2.15385
1.06300 -2.16388
1.06400 -2.17410
1.06500 -2.18455
1.06600 -2.19527
1.06700 -2.20630
1.06800 -2.21766
1.06900 -2.22940
1.07000 -2.24155
1.07100 -2.25414
1.07200 -2.26720
1.07300 -2.28075
1.07400 -2.29483
1.07500 -2.30945
1.07600 -2.32465
1.07700 -2.34044
1.07800 -2.35685
1.07900 -2.37389
1.08000 -2.39159
1.08100 -2.40995
1.08200 -2.42901
1.08300 -2.44876
1.08400 -2.46922
1.08500 -2.49040
1.08600 -2.51232
1.08700 -2.53499
1.08800 -2.55840
1.08900 -2.58258
1.09000 -2.60751
1.09100 -2.63321
1.09200 -2.65968
1.09300 -2.68692
1.09400 -2.71492
1.09500 -2.74370
1.09600 -2.77323
1.09700 -2.80353
1.09800 -2.83457
1.09900 -2.86635
1.10000 -2.89886
1.10100 -2.93209
1.10200 -2.96601
1.10300 -3.00062
1.10400 -3.03589
1.10500 -3.07180
1.10600 -3.10831
1.10700 -3.14541
1.10800 -3.18307
1.10900 -3.22124
1.11000 -3.25989
1.11100 -3.29897
1.11200 -3.33846
1.11300 -3.37829
1.11400 -3.41842
1.11500 -3.45880
1.11600 -3.49936
1.11700 -3.54006
1.11800 -3.58082
1.11900 -3.62159
1.12000 -3.66230
1.12100 -3.70288
1.12200 -3.74326
1.12300 -3.78336
1.12400 -3.82312
1.12500 -3.86247
1.12600 -3.90133
1.12700 -3.93963
1.12800 -3.97730
1.12900 -4.01426
1.13000 -4.05047
1.13100 -4.08584
1.13200 -4.12033
1.13300 -4.15388
1.13400 -4.18643
1.13500 -4.21794
1.13600 -4.24837
1.13700 -4.27768
1.13800 -4.30586
1.13900 -4.33287
1.14000 -4.35870
1.14100 -4.38335
1.14200 -4.40681
1.14300 -4.42909
1.14400 -4.45020
1.14500 -4.47016
1.14600 -4.48900
1.14700 -4.50674
1.14800 -4.52342
1.14900 -4.53909
1.15000 -4.55378
1.15100 -4.56754
1.15200 -4.58044
1.15300 -4.59252
1.15400 -4.60384
1.15500 -4.61445
1.15600 -4.62443
1.15700 -4.63383
1.15800 -4.64272
1.15900 -4.65114
1.16000 -4.65918
1.16100 -4.66687
1.16200 -4.67430
1.16300 -4.68150
1.16400 -4.68854
1.16500 -4.69548
1.16600 -4.70236
1.16700 -4.70923
1.16800 -4.71614
1.16900 -4.72315
1.17000 -4.73028
1.17100 -4.73759
1.17200 -4.74511
1.17300 -4.75287
1.17400 -4.76092
1.17500 -4.76928
1.17600 -4.77798
1.17700 -4.78706
1.17800 -4.79654
1.17900 -4.80643
1.18000 -4.81678
1.18100 -4.82759
1.18200 -4.83888
1.18300 -4.85068
1.18400 -4.86299
1.18500 -4.87584
1.18600 -4.88924
1.18700 -4.90321
1.18800 -4.91774
1.18900 -4.93287
1.19000 -4.94858
1.19100 -4.96491
1.19200 -4.98184
1.19300 -4.99940
1.19400 -5.01759
1.19500 -5.03642
1.19600 -5.05589
1.19700 -5.07601
1.19800 -5.09678
1.19900 -5.11822
1.20000 -5.14032
1.20100 -5.16309
1.20200 -5.18654
1.20300 -5.21067
1.20400 -5.23549
1.20500 -5.26099
1.20600 -5.28719
1.20700 -5.31408
1.20800 -5.34167
1.20900 -5.36996
1.21000 -5.39895
1.21100 -5.42866
1.21200 -5.45907
1.21300 -5.49020
1.21400 -5.52204
1.21500 -5.55459
1.21600 -5.58786
1.21700 -5.62185
1.21800 -5.65655
1.21900 -5.69197
1.22000 -5.72811
1.22100 -5.76497
1.22200 -5.80254
1.22300 -5.84082
1.22400 -5.87981
1.22500 -5.91950
1.22600 -5.95990
1.22700 -6.00100
1.22800 -6.04279
1.22900 -6.08526
1.23000 -6.12841
1.23100 -6.17224
1.23200 -6.21672
1.23300 -6.26186
1.23400 -6.30764
1.23500 -6.35405
1.23600 -6.40107
1.23700 -6.44870
1.23800 -6.49692
1.23900 -6.54571
1.24000 -6.59506
1.24100 -6.64495
1.24200 -6.69536
1.24300 -6.74626
1.24400 -6.79765
1.24500 -6.84950
1.24600 -6.90178
1.24700 -6.95447
1.24800 -7.00756
1.24900 -7.06100
1.25000 -7.11479
1.25100 -7.16889
1.25200 -7.22328
1.25300 -7.27792
1.25400 -7.33280
1.25500 -7.38789
1.25600 -7.44315
1.25700 -7.49857
1.25800 -7.55411
1.25900 -7.60975
1.26000 -7.66545
1.26100 -7.72120
1.26200 -7.77697
1.26300 -7.83274
1.26400 -7.88847
1.26500 -7.94415
1.26600 -7.99976
1.26700 -8.05527
1.26800 -8.11066
1.26900 -8.16592
1.27000 -8.22102
1.27100 -8.27596
1.27200 -8.33072
1.27300 -8.38528
1.27400 -8.43964
1.27500 -8.49378
1.27600 -8.54771
1.27700 -8.60140
1.27800 -8.65487
1.27900 -8.70810
1.28000 -8.76110
1.28100 -8.81387
1.28200 -8.86641
1.28300 -8.91873
1.28400 -8.97083
1.28500 -9.02273
1.28600 -9.07443
1.28700 -9.12594
1.28800 -9.17729
1.28900 -9.22848
1.29000 -9.27954
1.29100 -9.33048
1.29200 -9.38132
1.29300 -9.43209
1.29400 -9.48280
1.29500 -9.53349
1.29600 -9.58417
1.29700 -9.63488
1.29800 -9.68565
1.29900 -9.73650
1.30000 -9.78746
1.30100 -9.83857
1.30200 -9.88986
1.30300 -9.94137
1.30400 -9.99313
1.30500 -10.04518
1.30600 -10.09755
1.30700 -10.15029
1.30800 -10.20344
1.30900 -10.25704
1.31000 -10.31112
1.31100 -10.36574
1.31200 -10.42094
1.31300 -10.47676
1.31400 -10.53326
1.31500 -10.59048
1.31600 -10.64848
1.31700 -10.70730
1.31800 -10.76700
1.31900 -10.82763
1.32000 -10.88926
1.32100 -10.95194
1.32200 -11.01572
1.32300 -11.08068
1.32400 -11.14688
1.32500 -11.21438
1.32600 -11.28325
1.32700 -11.35357
1.32800 -11.42541
1.32900 -11.49884
1.33000 -11.57395
1.33100 -11.65082
1.33200 -11.72953
1.33300 -11.81018
1.33400 -11.89285
1.33500 -11.97765
1.33600 -12.06468
1.33700 -12.15403
1.33800 -12.24583
1.33900 -12.34018
1.34000 -12.43721
1.34100 -12.53705
1.34200 -12.63981
1.34300 -12.74565
1.34400 -12.85470
1.34500 -12.96711
1.34600 -13.08305
1.34700 -13.20268
1.34800 -13.32618
1.34900 -13.45372
1.35000 -13.58551
1.35100 -13.72174
1.35200 -13.86264
1.35300 -14.00842
1.35400 -14.15933
1.35500 -14.31562
1.35600 -14.47755
1.35700 -14.64542
1.35800 -14.81952
1.35900 -15.00017
1.36000 -15.18770
1.36100 -15.38250
1.36200 -15.58493
1.36300 -15.79540
1.36400 -16.01437
1.36500 -16.24230
1.36600 -16.47970
1.36700 -16.72711
1.36800 -16.98512
1.36900 -17.25437
1.37000 -17.53553
1.37100 -17.82935
1.37200 -18.13664
1.37300 -18.45826
1.37400 -18.79519
1.37500 -19.14844
1.37600 -19.51917
1.37700 -19.90860
1.37800 -20.31808
1.37900 -20.74908
1.38000 -21.20318
1.38100 -21.68208
1.38200 -22.18756
1.38300 -22.72149
1.38400 -23.28568
1.38500 -23.88183
1.38600 -24.51121
1.38700 -25.17430
1.38800 -25.87012
1.38900 -26.59514
1.39000 -27.34157
1.39100 -28.09493
1.39200 -28.83077
1.39300 -29.51153
1.39400 -30.08573
1.39500 -30.49364
1.39600 -30.68261
1.39700 -30.62744
1.39800 -30.34228
1.39900 -29.87381
1.40000 -29.28163
1.40100 -28.62062
1.40200 -27.93248
1.40300 -27.24520
1.40400 -26.57578
1.40500 -25.93367
1.40600 -25.32340
1.40700 -24.74656
1.40800 -24.20300
1.40900 -23.69160
1.41000 -23.21076
1.41100 -22.75868
1.41200 -22.33348
1.41300 -21.93336
1.41400 -21.55659
1.41500 -21.20155
1.41600 -20.86673
1.41700 -20.55077
1.41800 -20.25241
1.41900 -19.97048
1.42000 -19.70394
1.42100 -19.45181
1.42200 -19.21321
1.42300 -18.98733
1.42400 -18.77342
1.42500 -18.57080
1.42600 -18.37884
1.42700 -18.19696
1.42800 -18.02461
1.42900 -17.86130
1.43000 -17.70657
1.43100 -17.55998
1.43200 -17.42114
1.43300 -17.28967
1.43400 -17.16523
1.43500 -17.04747
1.43600 -16.93611
1.43700 -16.83084
1.43800 -16.73141
1.43900 -16.63754
1.44000 -16.54901
1.44100 -16.46557
1.44200 -16.38702
1.44300 -16.31315
1.44400 -16.24375
1.44500 -16.17865
1.44600 -16.11766
1.44700 -16.06061
1.44800 -16.00734
1.44900 -15.95768
1.45000 -15.91149
1.45100 -15.86862
1.45200 -15.82892
1.45300 -15.79225
1.45400 -15.75849
1.45500 -15.72750
1.45600 -15.69914
1.45700 -15.67330
1.45800 -15.64986
1.45900 -15.62869
1.46000 -15.60967
1.46100 -15.59269
1.46200 -15.57763
1.46300 -15.56438
1.46400 -15.55282
1.46500 -15.54285
1.46600 -15.53434
1.46700 -15.52721
1.46800 -15.52132
1.46900 -15.51659
1.47000 -15.51289
1.47100 -15.51012
1.47200 -15.50817
1.47300 -15.50695
1.47400 -15.50634
1.47500 -15.50624
1.47600 -15.50655
1.47700 -15.50716
1.47800 -15.50798
1.47900 -15.50891
1.48000 -15.50984
1.48100 -15.51069
1.48200 -15.51135
1.48300 -15.51174
1.48400 -15.51176
1.48500 -15.51133
1.48600 -15.51037
1.48700 -15.50879
1.48800 -15.50651
1.48900 -15.50347
1.49000 -15.49958
1.49100 -15.49478
1.49200 -15.48901
1.49300 -15.48221
1.49400 -15.47433
1.49500 -15.46532
1.49600 -15.45512
1.49700 -15.44372
1.49800 -15.43106
1.49900 -15.41713
1.50000 -15.40190
1.50100 -15.38535
1.50200 -15.36747
1.50300 -15.34826
1.50400 -15.32770
1.50500 -15.30582
1.50600 -15.28260
1.50700 -15.25808
1.50800 -15.23226
1.50900 -15.20518
1.51000 -15.17686
1.51100 -15.14732
1.51200 -15.11662
1.51300 -15.08479
1.51400 -15.05187
1.51500 -15.01791
1.51600 -14.98296
1.51700 -14.94708
1.51800 -14.91032
1.51900 -14.87273
1.52000 -14.83438
1.52100 -14.79534
1.52200 -14.75565
1.52300 -14.71539
1.52400 -14.67461
1.52500 -14.63340
1.52600 -14.59181
1.52700 -14.54990
1.52800 -14.50775
1.52900 -14.46542
1.53000 -14.42298
1.53100 -14.38050
1.53200 -14.33803
1.53300 -14.29564
1.53400 -14.25340
1.53500 -14.21137
1.53600 -14.16961
1.53700 -14.12818
1.53800 -14.08714
1.53900 -14.04655
1.54000 -14.00647
1.54100 -13.96695
1.54200 -13.92804
1.54300 -13.88981
1.54400 -13.85229
1.54500 -13.81554
1.54600 -13.77961
1.54700 -13.74455
1.54800 -13.71040
1.54900 -13.67721
1.55000 -13.64502
1.55100 -13.61386
1.55200 -13.58379
1.55300 -13.55484
1.55400 -13.52704
1.55500 -13.50043
1.55600 -13.47504
1.55700 -13.45091
1.55800 -13.42807
1.55900 -13.40655
1.56000 -13.38637
1.56100 -13.36756
1.56200 -13.35015
1.56300 -13.33416
1.56400 -13.31961
1.56500 -13.30652
1.56600 -13.29490
1.56700 -13.28479
1.56800 -13.27618
1.56900 -13.26910
1.57000 -13.26355
1.57100 -13.25955
1.57200 -13.25710
1.57300 -13.25622
1.57400 -13.25689
1.57500 -13.25913
1.57600 -13.26294
1.57700 -13.26831
1.57800 -13.27524
1.57900 -13.28373
1.58000 -13.29375
1.58100 -13.30531
1.58200 -13.31839
1.58300 -13.33298
1.58400 -13.34904
1.58500 -13.36657
1.58600 -13.38554
1.58700 -13.40592
1.58800 -13.42768
1.58900 -13.45079
1.59000 -13.47521
1.59100 -13.50090
1.59200 -13.52782
1.59300 -13.55592
1.59400 -13.58515
1.59500 -13.61546
1.59600 -13.64678
1.59700 -13.67907
1.59800 -13.71224
1.59900 -13.74624
1.60000 -13.78099
1.60100 -13.81641
1.60200 -13.85242
1.60300 -13.88894
1.60400 -13.92588
1.60500 -13.96314
1.60600 -14.00062
1.60700 -14.03823
1.60800 -14.07585
1.60900 -14.11339
1.61000 -14.15072
1.61100 -14.18773
1.61200 -14.22431
1.61300 -14.26033
1.61400 -14.29567
1.61500 -14.33020
1.61600 -14.36379
1.61700 -14.39632
1.61800 -14.42765
1.61900 -14.45766
1.62000 -14.48622
1.62100 -14.51319
1.62200 -14.53845
1.62300 -14.56188
1.62400 -14.58336
1.62500 -14.60276
1.62600 -14.61997
1.62700 -14.63489
1.62800 -14.64741
1.62900 -14.65743
1.63000 -14.66487
1.63100 -14.66965
1.63200 -14.67168
1.63300 -14.67091
1.63400 -14.66729
1.63500 -14.66075
1.63600 -14.65128
1.63700 -14.63885
1.63800 -14.62343
1.63900 -14.60502
1.64000 -14.58364
1.64100 -14.55929
1.64200 -14.53200
1.64300 -14.50180
1.64400 -14.46874
1.64500 -14.43287
1.64600 -14.39425
1.64700 -14.35294
1.64800 -14.30904
1.64900 -14.26260
1.65000 -14.21373
1.65100 -14.16251
1.65200 -14.10904
1.65300 -14.05342
1.65400 -13.99576
1.65500 -13.93615
1.65600 -13.87471
1.65700 -13.81154
1.65800 -13.74676
1.65900 -13.68046
1.66000 -13.61276
1.66100 -13.54377
1.66200 -13.47359
1.66300 -13.40233
1.66400 -13.33008
1.66500 -13.25695
1.66600 -13.18304
1.66700 -13.10843
1.66800 -13.03322
1.66900 -12.95750
1.67000 -12.88136
1.67100 -12.80487
1.67200 -12.72811
1.67300 -12.65117
1.67400 -12.57410
1.67500 -12.49699
1.67600 -12.41990
1.67700 -12.34288
1.67800 -12.26601
1.67900 -12.18933
1.68000 -12.11290
1.68100 -12.03676
1.68200 -11.96098
1.68300 -11.88558
1.68400 -11.81062
1.68500 -11.73613
1.68600 -11.66216
1.68700 -11.58873
1.68800 -11.51588
1.68900 -11.44363
1.69000 -11.37203
1.69100 -11.30109
1.69200 -11.23084
1.69300 -11.16130
1.69400 -11.09249
1.69500 -11.02444
1.69600 -10.95715
1.69700 -10.89066
1.69800 -10.82497
1.69900 -10.76010
1.70000 -10.69605
1.70100 -10.63285
1.70200 -10.57050
1.70300 -10.50901
1.70400 -10.44839
1.70500 -10.38865
1.70600 -10.32979
1.70700 -10.27182
1.70800 -10.21474
1.70900 -10.15856
1.71000 -10.10329
1.71100 -10.04891
1.71200 -9.99544
1.71300 -9.94288
1.71400 -9.89122
1.71500 -9.84047
1.71600 -9.79063
1.71700 -9.74169
1.71800 -9.69365
1.71900 -9.64651
1.72000 -9.60027
1.72100 -9.55492
1.72200 -9.51046
1.72300 -9.46688
1.72400 -9.42418
1.72500 -9.38235
1.72600 -9.34139
1.72700 -9.30129
1.72800 -9.26204
1.72900 -9.22364
1.73000 -9.18608
1.73100 -9.14934
1.73200 -9.11342
1.73300 -9.07831
1.73400 -9.04401
1.73500 -9.01049
1.73600 -8.97775
1.73700 -8.94578
1.73800 -8.91456
1.73900 -8.88409
1.74000 -8.85435
1.74100 -8.82532
1.74200 -8.79700
1.74300 -8.76937
1.74400 -8.74241
1.74500 -8.71611
1.74600 -8.69046
1.74700 -8.66544
1.74800 -8.64103
1.74900 -8.61721
1.75000 -8.59398
1.75100 -8.57130
1.75200 -8.54917
1.75300 -8.52756
1.75400 -8.50646
1.75500 -8.48584
1.75600 -8.46569
1.75700 -8.44599
1.75800 -8.42671
1.75900 -8.40784
1.76000 -8.38936
1.76100 -8.37124
1.76200 -8.35346
1.76300 -8.33600
1.76400 -8.31884
1.76500 -8.30196
1.76600 -8.28534
1.76700 -8.26894
1.76800 -8.25276
1.76900 -8.23676
1.77000 -8.22093
1.77100 -8.20525
1.77200 -8.18968
1.77300 -8.17421
1.77400 -8.15882
1.77500 -8.14349
1.77600 -8.12818
1.77700 -8.11289
1.77800 -8.09759
1.77900 -8.08225
1.78000 -8.06687
1.78100 -8.05142
1.78200 -8.03587
1.78300 -8.02022
1.78400 -8.00444
1.78500 -7.98852
1.78600 -7.97243
1.78700 -7.95617
1.78800 -7.93971
1.78900 -7.92305
1.79000 -7.90617
1.79100 -7.88906
1.79200 -7.87170
1.79300 -7.85408
1.79400 -7.83620
1.79500 -7.81805
1.79600 -7.79962
1.79700 -7.78089
1.79800 -7.76188
1.79900 -7.74257
1.80000 -7.72296
1.80100 -7.70304
1.80200 -7.68282
1.80300 -7.66231
1.80400 -7.64149
1.80500 -7.62037
1.80600 -7.59895
1.80700 -7.57725
1.80800 -7.55527
1.80900 -7.53300
1.81000 -7.51047
1.81100 -7.48768
1.81200 -7.46465
1.81300 -7.44137
1.81400 -7.41787
1.81500 -7.39416
1.81600 -7.37025
1.81700 -7.34615
1.81800 -7.32189
1.81900 -7.29747
1.82000 -7.27292
1.82100 -7.24824
1.82200 -7.22347
1.82300 -7.19862
1.82400 -7.17370
1.82500 -7.14873
1.82600 -7.12375
1.82700 -7.09875
1.82800 -7.07377
1.82900 -7.04883
1.83000 -7.02394
1.83100 -6.99912
1.83200 -6.97440
1.83300 -6.94980
1.83400 -6.92533
1.83500 -6.90101
1.83600 -6.87687
1.83700 -6.85293
1.83800 -6.82920
1.83900 -6.80570
1.84000 -6.78246
1.84100 -6.75948
1.84200 -6.73680
1.84300 -6.71441
1.84400 -6.69236
1.84500 -6.67064
1.84600 -6.64927
1.84700 -6.62828
1.84800 -6.60767
1.84900 -6.58746
1.85000 -6.56766
1.85100 -6.54829
1.85200 -6.52936
1.85300 -6.51088
1.85400 -6.49286
1.85500 -6.47532
1.85600 -6.45825
1.85700 -6.44168
1.85800 -6.42561
1.85900 -6.41005
1.86000 -6.39500
1.86100 -6.38048
1.86200 -6.36648
1.86300 -6.35302
1.86400 -6.34010
1.86500 -6.32771
1.86600 -6.31588
1.86700 -6.30459
1.86800 -6.29385
1.86900 -6.28366
1.87000 -6.27403
1.87100 -6.26495
1.87200 -6.25642
1.87300 -6.24845
1.87400 -6.24103
1.87500 -6.23415
1.87600 -6.22782
1.87700 -6.22203
1.87800 -6.21679
1.87900 -6.21208
1.88000 -6.20790
1.88100 -6.20424
1.88200 -6.20111
1.88300 -6.19849
1.88400 -6.19637
1.88500 -6.19476
1.88600 -6.19364
1.88700 -6.19301
1.88800 -6.19286
1.88900 -6.19318
1.89000 -6.19395
1.89100 -6.19518
1.89200 -6.19685
1.89300 -6.19895
1.89400 -6.20148
1.89500 -6.20441
1.89600 -6.20775
1.89700 -6.21147
1.89800 -6.21557
1.89900 -6.22004
1.90000 -6.22486
1.90100 -6.23003
1.90200 -6.23553
1.90300 -6.24134
1.90400 -6.24746
1.90500 -6.25386
1.90600 -6.26055
1.90700 -6.26750
1.90800 -6.27470
1.90900 -6.28214
1.91000 -6.28981
1.91100 -6.29768
1.91200 -6.30575
1.91300 -6.31400
1.91400 -6.32242
1.91500 -6.33099
1.91600 -6.33969
1.91700 -6.34852
1.91800 -6.35746
1.91900 -6.36650
1.92000 -6.37561
1.92100 -6.38478
1.92200 -6.39401
1.92300 -6.40327
1.92400 -6.41255
1.92500 -6.42184
1.92600 -6.43111
1.92700 -6.44036
1.92800 -6.44958
1.92900 -6.45873
1.93000 -6.46782
1.93100 -6.47683
1.93200 -6.48574
1.93300 -6.49454
1.93400 -6.50321
1.93500 -6.51175
1.93600 -6.52013
1.93700 -6.52834
1.93800 -6.53637
1.93900 -6.54421
1.94000 -6.55185
1.94100 -6.55926
1.94200 -6.56644
1.94300 -6.57338
1.94400 -6.58006
1.94500 -6.58647
1.94600 -6.59260
1.94700 -6.59844
1.94800 -6.60397
1.94900 -6.60920
1.95000 -6.61410
1.95100 -6.61866
1.95200 -6.62289
1.95300 -6.62676
1.95400 -6.63026
1.95500 -6.63340
1.95600 -6.63616
1.95700 -6.63854
1.95800 -6.64052
1.95900 -6.64210
1.96000 -6.64327
1.96100 -6.64404
1.96200 -6.64438
1.96300 -6.64430
1.96400 -6.64379
1.96500 -6.64285
1.96600 -6.64147
1.96700 -6.63965
1.96800 -6.63739
1.96900 -6.63469
1.97000 -6.63153
1.97100 -6.62793
1.97200 -6.62388
1.97300 -6.61938
1.97400 -6.61442
1.97500 -6.60902
1.97600 -6.60316
1.97700 -6.59686
1.97800 -6.59011
1.97900 -6.58291
1.98000 -6.57527
1.98100 -6.56719
1.98200 -6.55867
1.98300 -6.54972
1.98400 -6.54034
1.98500 -6.53054
1.98600 -6.52031
1.98700 -6.50967
1.98800 -6.49862
1.98900 -6.48717
1.99000 -6.47532
1.99100 -6.46307
1.99200 -6.45044
1.99300 -6.43744
1.99400 -6.42406
1.99500 -6.41032
1.99600 -6.39623
1.99700 -6.38178
1.99800 -6.36700
1.99900 -6.35189
2.00000 -6.33645
