f s11
1.00000 -1.22026
1.01000 -1.42708
1.02000 -1.56103
1.03000 -1.72409
1.04000 -1.79990
1.05000 -1.86279
1.06000 -1.92672
1.07000 -1.97667
1.08000 -2.08370
1.09000 -2.17523
1.10000 -2.34528
1.11000 -2.56672
1.12000 -2.78156
1.13000 -3.07064
1.14000 -3.29770
1.15000 -3.49188
1.16000 -3.63851
1.17000 -3.78398
1.18000 -3.92101
1.19000 -4.06687
1.20000 -4.31982
1.21000 -4.64194
1.22000 -4.99041
1.23000 -5.53702
1.24000 -6.09046
1.25000 -6.78042
1.26000 -7.54152
1.27000 -8.15735
1.28000 -8.84276
1.29000 -9.45747
1.30000 -10.23572
1.31000 -10.61452
1.32000 -11.49463
1.33000 -11.89972
1.34000 -12.85165
1.35000 -13.74974
1.36000 -15.08405
1.37000 -16.45373
1.38000 -18.79810
1.39000 -20.91764
1.40000 -25.09919
1.41000 -30.61105
1.42000 -41.83918
1.43000 -33.12981
1.44000 -30.00639
1.45000 -29.46733
1.46000 -30.62159
1.47000 -33.75830
1.48000 -36.20313
1.49000 -29.73772
1.50000 -25.07310
1.51000 -21.91786
1.52000 -20.79697
1.53000 -18.50586
1.54000 -18.25033
1.55000 -17.60616
1.56000 -16.84155
1.57000 -17.47089
1.58000 -16.79735
1.59000 -16.87752
1.60000 -16.85300
1.61000 -16.12790
1.62000 -15.69599
1.63000 -14.80064
1.64000 -14.02171
1.65000 -13.15850
1.66000 -12.43435
1.67000 -11.94545
1.68000 -11.30648
1.69000 -11.05480
1.70000 -10.83886
1.71000 -10.55420
1.72000 -10.70849
1.73000 -10.60942
1.74000 -10.61170
1.75000 -10.89817
1.76000 -10.73311
1.77000 -10.85443
1.78000 -10.90243
1.79000 -10.68752
1.80000 -10.61039
1.81000 -10.53722
1.82000 -10.11893
1.83000 -10.17254
1.84000 -9.76371
1.85000 -9.74300
1.86000 -9.62777
1.87000 -9.59965
1.88000 -9.63009
1.89000 -9.78246
1.90000 -9.88137
1.91000 -10.07693
1.92000 -10.25507
1.93000 -10.33615
1.94000 -10.35605
1.95000 -10.18947
1.96000 -10.20063
1.97000 -9.74254
1.98000 -9.54992
1.99000 -9.27770
