f s11
1.00000 -0.80212
1.00100 -0.81043
1.00200 -0.81881
1.00300 -0.82726
1.00400 -0.83577
1.00500 -0.84436
1.00600 -0.85302
1.00700 -0.86175
1.00800 -0.87055
1.00900 -0.87942
1.01000 -0.88836
1.01100 -0.89738
1.01200 -0.90646
1.01300 -0.91562
1.01400 -0.92485
1.01500 -0.93416
1.01600 -0.94354
1.01700 -0.95299
1.01800 -0.96251
1.01900 -0.97211
1.02000 -0.98178
1.02100 -0.99153
1.02200 -1.00135
1.02300 -1.01125
1.02400 -1.02122
1.02500 -1.03127
1.02600 -1.04139
1.02700 -1.05159
1.02800 -1.06187
1.02900 -1.07222
1.03000 -1.08265
1.03100 -1.09316
1.03200 -1.10374
1.03300 -1.11441
1.03400 -1.12515
1.03500 -1.13596
1.03600 -1.14686
1.03700 -1.15783
1.03800 -1.16889
1.03900 -1.18002
1.04000 -1.19124
1.04100 -1.20253
1.04200 -1.21390
1.04300 -1.22535
1.04400 -1.23689
1.04500 -1.24850
1.04600 -1.26020
1.04700 -1.27198
1.04800 -1.28384
1.04900 -1.29578
1.05000 -1.30780
1.05100 -1.31990
1.05200 -1.33209
1.05300 -1.34436
1.05400 -1.35672
1.05500 -1.36916
1.05600 -1.38168
1.05700 -1.39429
1.05800 -1.40698
1.05900 -1.41975
1.06000 -1.43261
1.06100 -1.44556
1.06200 -1.45859
1.06300 -1.47170
1.06400 -1.48490
1.06500 -1.49819
1.06600 -1.51157
1.06700 -1.52503
1.06800 -1.53858
1.06900 -1.55221
1.07000 -1.56594
1.07100 -1.57975
1.07200 -1.59365
1.07300 -1.60763
1.07400 -1.62171
1.07500 -1.63587
1.07600 -1.65013
1.07700 -1.66447
1.07800 -1.67890
1.07900 -1.69343
1.08000 -1.70804
1.08100 -1.72274
1.08200 -1.73754
1.08300 -1.75242
1.08400 -1.76740
1.08500 -1.78247
1.08600 -1.79763
1.08700 -1.81288
1.08800 -1.82822
1.08900 -1.84366
1.09000 -1.85919
1.09100 -1.87481
1.09200 -1.89052
1.09300 -1.90633
1.09400 -1.92224
1.09500 -1.93823
1.09600 -1.95432
1.09700 -1.97051
1.09800 -1.98679
1.09900 -2.00317
1.10000 -2.01964
1.10100 -2.03621
1.10200 -2.05287
1.10300 -2.06963
1.10400 -2.08648
1.10500 -2.10344
1.10600 -2.12049
1.10700 -2.13763
1.10800 -2.15488
1.10900 -2.17222
1.11000 -2.18966
1.11100 -2.20720
1.11200 -2.22484
1.11300 -2.24257
1.11400 -2.26041
1.11500 -2.27834
1.11600 -2.29638
1.11700 -2.31451
1.11800 -2.33275
1.11900 -2.35108
1.12000 -2.36952
1.12100 -2.38805
1.12200 -2.40669
1.12300 -2.42543
1.12400 -2.44427
1.12500 -2.46321
1.12600 -2.48226
1.12700 -2.50141
1.12800 -2.52066
1.12900 -2.54001
1.13000 -2.55947
1.13100 -2.57903
1.13200 -2.59870
1.13300 -2.61847
1.13400 -2.63834
1.13500 -2.65832
1.13600 -2.67840
1.13700 -2.69859
1.13800 -2.71888
1.13900 -2.73928
1.14000 -2.75979
1.14100 -2.78040
1.14200 -2.80112
1.14300 -2.82195
1.14400 -2.84288
1.14500 -2.86393
1.14600 -2.88507
1.14700 -2.90633
1.14800 -2.92770
1.14900 -2.94917
1.15000 -2.97076
1.15100 -2.99245
1.15200 -3.01425
1.15300 -3.03616
1.15400 -3.05818
1.15500 -3.08032
1.15600 -3.10256
1.15700 -3.12491
1.15800 -3.14738
1.15900 -3.16996
1.16000 -3.19264
1.16100 -3.21545
1.16200 -3.23836
1.16300 -3.26139
1.16400 -3.28453
1.16500 -3.30778
1.16600 -3.33115
1.16700 -3.35463
1.16800 -3.37822
1.16900 -3.40193
1.17000 -3.42576
1.17100 -3.44970
1.17200 -3.47375
1.17300 -3.49792
1.17400 -3.52221
1.17500 -3.54662
1.17600 -3.57114
1.17700 -3.59578
1.17800 -3.62054
1.17900 -3.64541
1.18000 -3.67040
1.18100 -3.69552
1.18200 -3.72075
1.18300 -3.74610
1.18400 -3.77157
1.18500 -3.79716
1.18600 -3.82287
1.18700 -3.84870
1.18800 -3.87466
1.18900 -3.90073
1.19000 -3.92693
1.19100 -3.95325
1.19200 -3.97969
1.19300 -4.00626
1.19400 -4.03295
1.19500 -4.05976
1.19600 -4.08670
1.19700 -4.11377
1.19800 -4.14095
1.19900 -4.16827
1.20000 -4.19571
1.20100 -4.22328
1.20200 -4.25097
1.20300 -4.27880
1.20400 -4.30675
1.20500 -4.33483
1.20600 -4.36304
1.20700 -4.39137
1.20800 -4.41984
1.20900 -4.44844
1.21000 -4.47717
1.21100 -4.50603
1.21200 -4.53503
1.21300 -4.56415
1.21400 -4.59341
1.21500 -4.62281
1.21600 -4.65233
1.21700 -4.68200
1.21800 -4.71180
1.21900 -4.74173
1.22000 -4.77180
1.22100 -4.80201
1.22200 -4.83236
1.22300 -4.86284
1.22400 -4.89347
1.22500 -4.92424
1.22600 -4.95514
1.22700 -4.98619
1.22800 -5.01738
1.22900 -5.04871
1.23000 -5.08019
1.23100 -5.11181
1.23200 -5.14358
1.23300 -5.17549
1.23400 -5.20755
1.23500 -5.23976
1.23600 -5.27211
1.23700 -5.30462
1.23800 -5.33728
1.23900 -5.37009
1.24000 -5.40305
1.24100 -5.43616
1.24200 -5.46943
1.24300 -5.50285
1.24400 -5.53643
1.24500 -5.57017
1.24600 -5.60406
1.24700 -5.63812
1.24800 -5.67234
1.24900 -5.70672
1.25000 -5.74126
1.25100 -5.77597
1.25200 -5.81084
1.25300 -5.84588
1.25400 -5.88109
1.25500 -5.91647
1.25600 -5.95203
1.25700 -5.98775
1.25800 -6.02365
1.25900 -6.05973
1.26000 -6.09598
1.26100 -6.13242
1.26200 -6.16903
1.26300 -6.20583
1.26400 -6.24282
1.26500 -6.27999
1.26600 -6.31735
1.26700 -6.35490
1.26800 -6.39265
1.26900 -6.43059
1.27000 -6.46873
1.27100 -6.50707
1.27200 -6.54561
1.27300 -6.58436
1.27400 -6.62331
1.27500 -6.66248
1.27600 -6.70185
1.27700 -6.74145
1.27800 -6.78126
1.27900 -6.82130
1.28000 -6.86156
1.28100 -6.90205
1.28200 -6.94277
1.28300 -6.98373
1.28400 -7.02493
1.28500 -7.06637
1.28600 -7.10806
1.28700 -7.15000
1.28800 -7.19220
1.28900 -7.23466
1.29000 -7.27738
1.29100 -7.32037
1.29200 -7.36364
1.29300 -7.40718
1.29400 -7.45102
1.29500 -7.49514
1.29600 -7.53956
1.29700 -7.58429
1.29800 -7.62932
1.29900 -7.67467
1.30000 -7.72035
1.30100 -7.76635
1.30200 -7.81270
1.30300 -7.85939
1.30400 -7.90644
1.30500 -7.95385
1.30600 -8.00163
1.30700 -8.04980
1.30800 -8.09835
1.30900 -8.14731
1.31000 -8.19669
1.31100 -8.24648
1.31200 -8.29672
1.31300 -8.34740
1.31400 -8.39855
1.31500 -8.45017
1.31600 -8.50228
1.31700 -8.55489
1.31800 -8.60803
1.31900 -8.66170
1.32000 -8.71593
1.32100 -8.77073
1.32200 -8.82612
1.32300 -8.88213
1.32400 -8.93877
1.32500 -8.99606
1.32600 -9.05403
1.32700 -9.11271
1.32800 -9.17212
1.32900 -9.23228
1.33000 -9.29322
1.33100 -9.35499
1.33200 -9.41760
1.33300 -9.48108
1.33400 -9.54549
1.33500 -9.61085
1.33600 -9.67720
1.33700 -9.74459
1.33800 -9.81305
1.33900 -9.88264
1.34000 -9.95340
1.34100 -10.02538
1.34200 -10.09864
1.34300 -10.17324
1.34400 -10.24924
1.34500 -10.32670
1.34600 -10.40568
1.34700 -10.48627
1.34800 -10.56853
1.34900 -10.65256
1.35000 -10.73842
1.35100 -10.82622
1.35200 -10.91604
1.35300 -11.00799
1.35400 -11.10218
1.35500 -11.19871
1.35600 -11.29771
1.35700 -11.39929
1.35800 -11.50360
1.35900 -11.61078
1.36000 -11.72097
1.36100 -11.83432
1.36200 -11.95101
1.36300 -12.07121
1.36400 -12.19510
1.36500 -12.32288
1.36600 -12.45474
1.36700 -12.59091
1.36800 -12.73160
1.36900 -12.87706
1.37000 -13.02753
1.37100 -13.18327
1.37200 -13.34454
1.37300 -13.51163
1.37400 -13.68482
1.37500 -13.86442
1.37600 -14.05074
1.37700 -14.24408
1.37800 -14.44479
1.37900 -14.65318
1.38000 -14.86957
1.38100 -15.09431
1.38200 -15.32771
1.38300 -15.57008
1.38400 -15.82170
1.38500 -16.08285
1.38600 -16.35375
1.38700 -16.63456
1.38800 -16.92541
1.38900 -17.22631
1.39000 -17.53717
1.39100 -17.85776
1.39200 -18.18767
1.39300 -18.52628
1.39400 -18.87270
1.39500 -19.22570
1.39600 -19.58369
1.39700 -19.94461
1.39800 -20.30587
1.39900 -20.66431
1.40000 -21.01617
1.40100 -21.35704
1.40200 -21.68197
1.40300 -21.98555
1.40400 -22.26217
1.40500 -22.50632
1.40600 -22.71294
1.40700 -22.87793
1.40800 -22.99845
1.40900 -23.07328
1.41000 -23.10293
1.41100 -23.08955
1.41200 -23.03669
1.41300 -22.94895
1.41400 -22.83154
1.41500 -22.68987
1.41600 -22.52923
1.41700 -22.35455
1.41800 -22.17021
1.41900 -21.98003
1.42000 -21.78720
1.42100 -21.59435
1.42200 -21.40357
1.42300 -21.21653
1.42400 -21.03447
1.42500 -20.85833
1.42600 -20.68878
1.42700 -20.52628
1.42800 -20.37109
1.42900 -20.22335
1.43000 -20.08311
1.43100 -19.95031
1.43200 -19.82485
1.43300 -19.70655
1.43400 -19.59523
1.43500 -19.49066
1.43600 -19.39262
1.43700 -19.30085
1.43800 -19.21511
1.43900 -19.13514
1.44000 -19.06070
1.44100 -18.99153
1.44200 -18.92739
1.44300 -18.86805
1.44400 -18.81328
1.44500 -18.76285
1.44600 -18.71656
1.44700 -18.67420
1.44800 -18.63557
1.44900 -18.60049
1.45000 -18.56877
1.45100 -18.54024
1.45200 -18.51474
1.45300 -18.49211
1.45400 -18.47220
1.45500 -18.45487
1.45600 -18.43998
1.45700 -18.42741
1.45800 -18.41701
1.45900 -18.40869
1.46000 -18.40232
1.46100 -18.39779
1.46200 -18.39500
1.46300 -18.39386
1.46400 -18.39427
1.46500 -18.39613
1.46600 -18.39936
1.46700 -18.40389
1.46800 -18.40962
1.46900 -18.41648
1.47000 -18.42440
1.47100 -18.43331
1.47200 -18.44314
1.47300 -18.45383
1.47400 -18.46531
1.47500 -18.47753
1.47600 -18.49043
1.47700 -18.50395
1.47800 -18.51803
1.47900 -18.53263
1.48000 -18.54770
1.48100 -18.56320
1.48200 -18.57906
1.48300 -18.59525
1.48400 -18.61174
1.48500 -18.62846
1.48600 -18.64539
1.48700 -18.66249
1.48800 -18.67972
1.48900 -18.69705
1.49000 -18.71443
1.49100 -18.73184
1.49200 -18.74925
1.49300 -18.76662
1.49400 -18.78392
1.49500 -18.80113
1.49600 -18.81822
1.49700 -18.83516
1.49800 -18.85193
1.49900 -18.86849
1.50000 -18.88484
1.50100 -18.90094
1.50200 -18.91678
1.50300 -18.93234
1.50400 -18.94759
1.50500 -18.96252
1.50600 -18.97711
1.50700 -18.99134
1.50800 -19.00520
1.50900 -19.01868
1.51000 -19.03176
1.51100 -19.04443
1.51200 -19.05668
1.51300 -19.06850
1.51400 -19.07987
1.51500 -19.09080
1.51600 -19.10127
1.51700 -19.11127
1.51800 -19.12080
1.51900 -19.12986
1.52000 -19.13844
1.52100 -19.14654
1.52200 -19.15416
1.52300 -19.16129
1.52400 -19.16794
1.52500 -19.17411
1.52600 -19.17979
1.52700 -19.18500
1.52800 -19.18973
1.52900 -19.19399
1.53000 -19.19779
1.53100 -19.20112
1.53200 -19.20400
1.53300 -19.20644
1.53400 -19.20844
1.53500 -19.21002
1.53600 -19.21118
1.53700 -19.21193
1.53800 -19.21229
1.53900 -19.21227
1.54000 -19.21188
1.54100 -19.21114
1.54200 -19.21006
1.54300 -19.20866
1.54400 -19.20695
1.54500 -19.20495
1.54600 -19.20267
1.54700 -19.20015
1.54800 -19.19739
1.54900 -19.19441
1.55000 -19.19124
1.55100 -19.18790
1.55200 -19.18440
1.55300 -19.18078
1.55400 -19.17704
1.55500 -19.17323
1.55600 -19.16936
1.55700 -19.16545
1.55800 -19.16153
1.55900 -19.15764
1.56000 -19.15379
1.56100 -19.15001
1.56200 -19.14633
1.56300 -19.14278
1.56400 -19.13940
1.56500 -19.13620
1.56600 -19.13322
1.56700 -19.13049
1.56800 -19.12805
1.56900 -19.12593
1.57000 -19.12415
1.57100 -19.12277
1.57200 -19.12180
1.57300 -19.12130
1.57400 -19.12128
1.57500 -19.12181
1.57600 -19.12290
1.57700 -19.12460
1.57800 -19.12696
1.57900 -19.13001
1.58000 -19.13379
1.58100 -19.13836
1.58200 -19.14375
1.58300 -19.15001
1.58400 -19.15719
1.58500 -19.16533
1.58600 -19.17449
1.58700 -19.18471
1.58800 -19.19604
1.58900 -19.20855
1.59000 -19.22227
1.59100 -19.23727
1.59200 -19.25360
1.59300 -19.27132
1.59400 -19.29049
1.59500 -19.31116
1.59600 -19.33340
1.59700 -19.35726
1.59800 -19.38280
1.59900 -19.41010
1.60000 -19.43920
1.60100 -19.47018
1.60200 -19.50309
1.60300 -19.53799
1.60400 -19.57495
1.60500 -19.61402
1.60600 -19.65526
1.60700 -19.69873
1.60800 -19.74447
1.60900 -19.79254
1.61000 -19.84297
1.61100 -19.89580
1.61200 -19.95106
1.61300 -20.00877
1.61400 -20.06893
1.61500 -20.13154
1.61600 -20.19659
1.61700 -20.26403
1.61800 -20.33380
1.61900 -20.40583
1.62000 -20.48001
1.62100 -20.55619
1.62200 -20.63420
1.62300 -20.71384
1.62400 -20.79483
1.62500 -20.87687
1.62600 -20.95960
1.62700 -21.04259
1.62800 -21.12535
1.62900 -21.20732
1.63000 -21.28786
1.63100 -21.36626
1.63200 -21.44173
1.63300 -21.51341
1.63400 -21.58035
1.63500 -21.64155
1.63600 -21.69595
1.63700 -21.74245
1.63800 -21.77993
1.63900 -21.80729
1.64000 -21.82345
1.64100 -21.82740
1.64200 -21.81823
1.64300 -21.79518
1.64400 -21.75762
1.64500 -21.70515
1.64600 -21.63754
1.64700 -21.55483
1.64800 -21.45723
1.64900 -21.34520
1.65000 -21.21940
1.65100 -21.08065
1.65200 -20.92993
1.65300 -20.76833
1.65400 -20.59702
1.65500 -20.41722
1.65600 -20.23015
1.65700 -20.03704
1.65800 -19.83906
1.65900 -19.63736
1.66000 -19.43298
1.66100 -19.22691
1.66200 -19.02005
1.66300 -18.81321
1.66400 -18.60712
1.66500 -18.40242
1.66600 -18.19966
1.66700 -17.99933
1.66800 -17.80184
1.66900 -17.60754
1.67000 -17.41671
1.67100 -17.22958
1.67200 -17.04634
1.67300 -16.86712
1.67400 -16.69204
1.67500 -16.52115
1.67600 -16.35449
1.67700 -16.19208
1.67800 -16.03390
1.67900 -15.87994
1.68000 -15.73013
1.68100 -15.58444
1.68200 -15.44278
1.68300 -15.30508
1.68400 -15.17125
1.68500 -15.04120
1.68600 -14.91483
1.68700 -14.79205
1.68800 -14.67275
1.68900 -14.55682
1.69000 -14.44417
1.69100 -14.33468
1.69200 -14.22826
1.69300 -14.12479
1.69400 -14.02418
1.69500 -13.92633
1.69600 -13.83113
1.69700 -13.73850
1.69800 -13.64834
1.69900 -13.56055
1.70000 -13.47505
1.70100 -13.39176
1.70200 -13.31058
1.70300 -13.23144
1.70400 -13.15426
1.70500 -13.07897
1.70600 -13.00549
1.70700 -12.93375
1.70800 -12.86369
1.70900 -12.79524
1.71000 -12.72833
1.71100 -12.66292
1.71200 -12.59894
1.71300 -12.53634
1.71400 -12.47506
1.71500 -12.41506
1.71600 -12.35628
1.71700 -12.29868
1.71800 -12.24221
1.71900 -12.18684
1.72000 -12.13252
1.72100 -12.07921
1.72200 -12.02687
1.72300 -11.97548
1.72400 -11.92499
1.72500 -11.87537
1.72600 -11.82659
1.72700 -11.77862
1.72800 -11.73143
1.72900 -11.68500
1.73000 -11.63929
1.73100 -11.59429
1.73200 -11.54996
1.73300 -11.50629
1.73400 -11.46325
1.73500 -11.42082
1.73600 -11.37899
1.73700 -11.33772
1.73800 -11.29701
1.73900 -11.25683
1.74000 -11.21717
1.74100 -11.17801
1.74200 -11.13933
1.74300 -11.10113
1.74400 -11.06338
1.74500 -11.02607
1.74600 -10.98919
1.74700 -10.95272
1.74800 -10.91666
1.74900 -10.88099
1.75000 -10.84570
1.75100 -10.81078
1.75200 -10.77622
1.75300 -10.74200
1.75400 -10.70812
1.75500 -10.67458
1.75600 -10.64135
1.75700 -10.60844
1.75800 -10.57583
1.75900 -10.54351
1.76000 -10.51149
1.76100 -10.47974
1.76200 -10.44827
1.76300 -10.41706
1.76400 -10.38612
1.76500 -10.35543
1.76600 -10.32499
1.76700 -10.29478
1.76800 -10.26482
1.76900 -10.23509
1.77000 -10.20558
1.77100 -10.17629
1.77200 -10.14722
1.77300 -10.11836
1.77400 -10.08970
1.77500 -10.06125
1.77600 -10.03300
1.77700 -10.00494
1.77800 -9.97706
1.77900 -9.94938
1.78000 -9.92188
1.78100 -9.89455
1.78200 -9.86740
1.78300 -9.84043
1.78400 -9.81362
1.78500 -9.78698
1.78600 -9.76050
1.78700 -9.73418
1.78800 -9.70801
1.78900 -9.68201
1.79000 -9.65615
1.79100 -9.63044
1.79200 -9.60488
1.79300 -9.57947
1.79400 -9.55419
1.79500 -9.52906
1.79600 -9.50406
1.79700 -9.47920
1.79800 -9.45447
1.79900 -9.42988
1.80000 -9.40542
1.80100 -9.38108
1.80200 -9.35687
1.80300 -9.33279
1.80400 -9.30883
1.80500 -9.28499
1.80600 -9.26127
1.80700 -9.23767
1.80800 -9.21419
1.80900 -9.19083
1.81000 -9.16758
1.81100 -9.14444
1.81200 -9.12142
1.81300 -9.09851
1.81400 -9.07572
1.81500 -9.05303
1.81600 -9.03045
1.81700 -9.00798
1.81800 -8.98562
1.81900 -8.96336
1.82000 -8.94122
1.82100 -8.91917
1.82200 -8.89724
1.82300 -8.87540
1.82400 -8.85368
1.82500 -8.83205
1.82600 -8.81054
1.82700 -8.78912
1.82800 -8.76781
1.82900 -8.74660
1.83000 -8.72550
1.83100 -8.70450
1.83200 -8.68360
1.83300 -8.66281
1.83400 -8.64212
1.83500 -8.62153
1.83600 -8.60106
1.83700 -8.58068
1.83800 -8.56042
1.83900 -8.54026
1.84000 -8.52021
1.84100 -8.50027
1.84200 -8.48044
1.84300 -8.46072
1.84400 -8.44111
1.84500 -8.42162
1.84600 -8.40224
1.84700 -8.38298
1.84800 -8.36385
1.84900 -8.34483
1.85000 -8.32593
1.85100 -8.30716
1.85200 -8.28853
1.85300 -8.27002
1.85400 -8.25164
1.85500 -8.23340
1.85600 -8.21531
1.85700 -8.19736
1.85800 -8.17955
1.85900 -8.16190
1.86000 -8.14440
1.86100 -8.12706
1.86200 -8.10989
1.86300 -8.09289
1.86400 -8.07606
1.86500 -8.05942
1.86600 -8.04297
1.86700 -8.02670
1.86800 -8.01064
1.86900 -7.99479
1.87000 -7.97916
1.87100 -7.96374
1.87200 -7.94856
1.87300 -7.93362
1.87400 -7.91894
1.87500 -7.90451
1.87600 -7.89036
1.87700 -7.87648
1.87800 -7.86290
1.87900 -7.84963
1.88000 -7.83668
1.88100 -7.82406
1.88200 -7.81178
1.88300 -7.79987
1.88400 -7.78834
1.88500 -7.77719
1.88600 -7.76646
1.88700 -7.75616
1.88800 -7.74630
1.88900 -7.73690
1.89000 -7.72799
1.89100 -7.71959
1.89200 -7.71171
1.89300 -7.70437
1.89400 -7.69761
1.89500 -7.69144
1.89600 -7.68588
1.89700 -7.68097
1.89800 -7.67672
1.89900 -7.67315
1.90000 -7.67030
1.90100 -7.66819
1.90200 -7.66684
1.90300 -7.66628
1.90400 -7.66653
1.90500 -7.66761
1.90600 -7.66955
1.90700 -7.67236
1.90800 -7.67607
1.90900 -7.68070
1.91000 -7.68626
1.91100 -7.69276
1.91200 -7.70022
1.91300 -7.70865
1.91400 -7.71804
1.91500 -7.72840
1.91600 -7.73972
1.91700 -7.75200
1.91800 -7.76522
1.91900 -7.77936
1.92000 -7.79441
1.92100 -7.81032
1.92200 -7.82705
1.92300 -7.84458
1.92400 -7.86283
1.92500 -7.88177
1.92600 -7.90132
1.92700 -7.92141
1.92800 -7.94197
1.92900 -7.96291
1.93000 -7.98414
1.93100 -8.00558
1.93200 -8.02712
1.93300 -8.04866
1.93400 -8.07011
1.93500 -8.09134
1.93600 -8.11227
1.93700 -8.13278
1.93800 -8.15277
1.93900 -8.17214
1.94000 -8.19079
1.94100 -8.20863
1.94200 -8.22557
1.94300 -8.24152
1.94400 -8.25643
1.94500 -8.27021
1.94600 -8.28281
1.94700 -8.29419
1.94800 -8.30429
1.94900 -8.31310
1.95000 -8.32059
1.95100 -8.32674
1.95200 -8.33154
1.95300 -8.33501
1.95400 -8.33715
1.95500 -8.33797
1.95600 -8.33751
1.95700 -8.33579
1.95800 -8.33284
1.95900 -8.32871
1.96000 -8.32343
1.96100 -8.31706
1.96200 -8.30963
1.96300 -8.30121
1.96400 -8.29183
1.96500 -8.28157
1.96600 -8.27045
1.96700 -8.25855
1.96800 -8.24591
1.96900 -8.23258
1.97000 -8.21862
1.97100 -8.20407
1.97200 -8.18897
1.97300 -8.17338
1.97400 -8.15734
1.97500 -8.14090
1.97600 -8.12408
1.97700 -8.10693
1.97800 -8.08949
1.97900 -8.07179
1.98000 -8.05387
1.98100 -8.03574
1.98200 -8.01745
1.98300 -7.99902
1.98400 -7.98047
1.98500 -7.96183
1.98600 -7.94312
1.98700 -7.92435
1.98800 -7.90555
1.98900 -7.88674
1.99000 -7.86792
1.99100 -7.84912
1.99200 -7.83035
1.99300 -7.81162
1.99400 -7.79294
1.99500 -7.77432
1.99600 -7.75577
1.99700 -7.73730
1.99800 -7.71892
1.99900 -7.70063
2.00000 -7.68244
